0;6080;N;030423;0000;20120828;1;BATEDEIRA DE MASSAS HL200 LEGACY;030423;;;;;003868;01;0910;42832;1;0000030423;01;1;0;98;1.65;98;7.60;09;;;;
1;030423;0000;01;Depreciação Fiscal;12301006;32210001;120600103;12302006;20120828;13625.5;10.00;12731.78;20120828;;BATEDEIRA DE MASSAS HL200 LEGACY;
1;030423;0000;10;Depreciação Contábil/Gerencial;12301006;32210003;120600103;12303006;20120828;13625.5;10.00;12731.78;20120828;;BATEDEIRA DE MASSAS HL200 LEGACY;
0;5615;N;034895;0000;20190726;1;GAVETEIRO VOLANTE 3 GAVETAS;034895;;;;;002190;01;0931;9183;1;0000034895;01;1;0;98;1.65;98;7.60;09;;LDM;;
1;034895;0000;01;Depreciação Fiscal;12301005;32210001;120600103;12302005;20191001;478.8;10.00;107.73;20190726;;GAVETEIRO VOLANTE 3 GAVETAS;1131
1;034895;0000;10;Depreciação Contábil/Gerencial;12301005;32210003;120600103;12303005;20191001;478.8;10.00;107.73;20190726;;GAVETEIRO VOLANTE 3 GAVETAS;1131
0;5615;N;034896;0000;20190726;1;GAVETEIRO VOLANTE 3 GAVETAS;034896;;;;;002190;01;0931;9183;1;0000034896;01;1;0;98;1.65;98;7.60;09;;LDM;;
1;034896;0000;01;Depreciação Fiscal;12301005;32210001;120600103;12302005;20191001;478.8;10.00;107.73;20190726;;GAVETEIRO VOLANTE 3 GAVETAS;1131
1;034896;0000;10;Depreciação Contábil/Gerencial;12301005;32210003;120600103;12303005;20191001;478.8;10.00;107.73;20190726;;GAVETEIRO VOLANTE 3 GAVETAS;1131
0;5615;N;034897;0000;20190726;1;GAVETEIRO VOLANTE 3 GAVETAS;034897;;;;;002190;01;0931;9183;1;0000034897;01;1;0;98;1.65;98;7.60;09;;LDM;;
1;034897;0000;01;Depreciação Fiscal;12301005;32210001;120600103;12302005;20191001;478.8;10.00;107.73;20190726;;GAVETEIRO VOLANTE 3 GAVETAS;1131
1;034897;0000;10;Depreciação Contábil/Gerencial;12301005;32210003;120600103;12303005;20191001;478.8;10.00;107.73;20190726;;GAVETEIRO VOLANTE 3 GAVETAS;1131
0;5615;N;034898;0000;20190726;1;GAVETEIRO VOLANTE 3 GAVETAS;034898;;;;;002190;01;0931;9183;1;0000034898;01;1;0;98;1.65;98;7.60;09;;LDM;;
1;034898;0000;01;Depreciação Fiscal;12301005;32210001;120600103;12302005;20191001;478.8;10.00;107.73;20190726;;GAVETEIRO VOLANTE 3 GAVETAS;1131
1;034898;0000;10;Depreciação Contábil/Gerencial;12301005;32210003;120600103;12303005;20191001;478.8;10.00;107.73;20190726;;GAVETEIRO VOLANTE 3 GAVETAS;1131
0;5615;N;034899;0000;20190726;1;GAVETEIRO VOLANTE 3 GAVETAS;034899;;;;;002190;01;0931;9183;1;0000034899;01;1;0;98;1.65;98;7.60;09;;LDM;;
1;034899;0000;01;Depreciação Fiscal;12301005;32210001;120600103;12302005;20191001;478.8;10.00;107.73;20190726;;GAVETEIRO VOLANTE 3 GAVETAS;1131
1;034899;0000;10;Depreciação Contábil/Gerencial;12301005;32210003;120600103;12303005;20191001;478.8;10.00;107.73;20190726;;GAVETEIRO VOLANTE 3 GAVETAS;1131
0;5615;N;034900;0000;20190726;1;GAVETEIRO VOLANTE 3 GAVETAS;034900;;;;;002190;01;0931;9183;1;0000034900;01;1;0;98;1.65;98;7.60;09;;LDM;;
1;034900;0000;01;Depreciação Fiscal;12301005;32210001;120600103;12302005;20191001;478.8;10.00;107.73;20190726;;GAVETEIRO VOLANTE 3 GAVETAS;1131
1;034900;0000;10;Depreciação Contábil/Gerencial;12301005;32210003;120600103;12303005;20191001;478.8;10.00;107.73;20190726;;GAVETEIRO VOLANTE 3 GAVETAS;1131
0;5615;N;034901;0000;20190726;1;GAVETEIRO VOLANTE 3 GAVETAS;034901;;;;;002190;01;0931;9183;1;0000034901;01;1;0;98;1.65;98;7.60;09;;LDM;;
1;034901;0000;01;Depreciação Fiscal;12301005;32210001;120600103;12302005;20191001;478.8;10.00;107.73;20190726;;GAVETEIRO VOLANTE 3 GAVETAS;1131
1;034901;0000;10;Depreciação Contábil/Gerencial;12301005;32210003;120600103;12303005;20191001;478.8;10.00;107.73;20190726;;GAVETEIRO VOLANTE 3 GAVETAS;1131
0;5615;N;034902;0000;20190726;1;GAVETEIRO VOLANTE 3 GAVETAS;034902;;;;;002190;01;0931;9183;1;0000034902;01;1;0;98;1.65;98;7.60;09;;LDM;;
1;034902;0000;01;Depreciação Fiscal;12301005;32210001;120600103;12302005;20191001;478.8;10.00;107.73;20190726;;GAVETEIRO VOLANTE 3 GAVETAS;1131
1;034902;0000;10;Depreciação Contábil/Gerencial;12301005;32210003;120600103;12303005;20191001;478.8;10.00;107.73;20190726;;GAVETEIRO VOLANTE 3 GAVETAS;1131
0;5615;N;034903;0000;20190726;1;GAVETEIRO VOLANTE 3 GAVETAS;034903;;;;;002190;01;0931;9183;1;0000034903;01;1;0;98;1.65;98;7.60;09;;LDM;;
1;034903;0000;01;Depreciação Fiscal;12301005;32210001;120600103;12302005;20191001;478.8;10.00;107.73;20190726;;GAVETEIRO VOLANTE 3 GAVETAS;1131
1;034903;0000;10;Depreciação Contábil/Gerencial;12301005;32210003;120600103;12303005;20191001;478.8;10.00;107.73;20190726;;GAVETEIRO VOLANTE 3 GAVETAS;1131
0;5615;N;034904;0000;20190726;1;GAVETEIRO VOLANTE 3 GAVETAS;034904;;;;;002190;01;0931;9183;1;0000034904;01;1;0;98;1.65;98;7.60;09;;LDM;;
1;034904;0000;01;Depreciação Fiscal;12301005;32210001;120600103;12302005;20191001;478.8;10.00;107.73;20190726;;GAVETEIRO VOLANTE 3 GAVETAS;1131
1;034904;0000;10;Depreciação Contábil/Gerencial;12301005;32210003;120600103;12303005;20191001;478.8;10.00;107.73;20190726;;GAVETEIRO VOLANTE 3 GAVETAS;1131
0;5615;N;034905;0000;20190726;1;GAVETEIRO VOLANTE 3 GAVETAS;034905;;;;;002190;01;0931;9183;1;0000034905;01;1;0;98;1.65;98;7.60;09;;LDM;;
1;034905;0000;01;Depreciação Fiscal;12301005;32210001;120600103;12302005;20191001;478.8;10.00;107.73;20190726;;GAVETEIRO VOLANTE 3 GAVETAS;1131
1;034905;0000;10;Depreciação Contábil/Gerencial;12301005;32210003;120600103;12303005;20191001;478.8;10.00;107.73;20190726;;GAVETEIRO VOLANTE 3 GAVETAS;1131
0;5615;N;034906;0000;20190726;1;GAVETEIRO VOLANTE 3 GAVETAS;034906;;;;;002190;01;0931;9183;1;0000034906;01;1;0;98;1.65;98;7.60;09;;LDM;;
1;034906;0000;01;Depreciação Fiscal;12301005;32210001;120600103;12302005;20191001;478.8;10.00;107.73;20190726;;GAVETEIRO VOLANTE 3 GAVETAS;1131
1;034906;0000;10;Depreciação Contábil/Gerencial;12301005;32210003;120600103;12303005;20191001;478.8;10.00;107.73;20190726;;GAVETEIRO VOLANTE 3 GAVETAS;1131
0;5615;N;034907;0000;20190726;1;GAVETEIRO VOLANTE 3 GAVETAS;034907;;;;;002190;01;0931;9183;1;0000034907;01;1;0;98;1.65;98;7.60;09;;LDM;;
1;034907;0000;01;Depreciação Fiscal;12301005;32210001;120600103;12302005;20191001;478.8;10.00;107.73;20190726;;GAVETEIRO VOLANTE 3 GAVETAS;1131
1;034907;0000;10;Depreciação Contábil/Gerencial;12301005;32210003;120600103;12303005;20191001;478.8;10.00;107.73;20190726;;GAVETEIRO VOLANTE 3 GAVETAS;1131
0;5615;N;034908;0000;20190726;1;GAVETEIRO VOLANTE 3 GAVETAS;034908;;;;;002190;01;0931;9183;1;0000034908;01;1;0;98;1.65;98;7.60;09;;LDM;;
1;034908;0000;01;Depreciação Fiscal;12301005;32210001;120600103;12302005;20191001;478.8;10.00;107.73;20190726;;GAVETEIRO VOLANTE 3 GAVETAS;1131
1;034908;0000;10;Depreciação Contábil/Gerencial;12301005;32210003;120600103;12303005;20191001;478.8;10.00;107.73;20190726;;GAVETEIRO VOLANTE 3 GAVETAS;1131
0;5615;N;034909;0000;20190726;1;GAVETEIRO VOLANTE 3 GAVETAS;034909;;;;;002190;01;0931;9183;1;0000034909;01;1;0;98;1.65;98;7.60;09;;LDM;;
1;034909;0000;01;Depreciação Fiscal;12301005;32210001;120600103;12302005;20191001;478.8;10.00;107.73;20190726;;GAVETEIRO VOLANTE 3 GAVETAS;1131
1;034909;0000;10;Depreciação Contábil/Gerencial;12301005;32210003;120600103;12303005;20191001;478.8;10.00;107.73;20190726;;GAVETEIRO VOLANTE 3 GAVETAS;1131
0;5615;N;034910;0000;20190726;1;GAVETEIRO VOLANTE 3 GAVETAS;034910;;;;;002190;01;0931;9183;1;0000034910;01;1;0;98;1.65;98;7.60;09;;LDM;;
1;034910;0000;01;Depreciação Fiscal;12301005;32210001;120600103;12302005;20191001;478.8;10.00;107.73;20190726;;GAVETEIRO VOLANTE 3 GAVETAS;1131
1;034910;0000;10;Depreciação Contábil/Gerencial;12301005;32210003;120600103;12303005;20191001;478.8;10.00;107.73;20190726;;GAVETEIRO VOLANTE 3 GAVETAS;1131
0;5615;N;034911;0000;20190726;1;GAVETEIRO VOLANTE 3 GAVETAS;034911;;;;;002190;01;0931;9183;1;0000034911;01;1;0;98;1.65;98;7.60;09;;LDM;;
1;034911;0000;01;Depreciação Fiscal;12301005;32210001;120600103;12302005;20191001;478.8;10.00;107.73;20190726;;GAVETEIRO VOLANTE 3 GAVETAS;1131
1;034911;0000;10;Depreciação Contábil/Gerencial;12301005;32210003;120600103;12303005;20191001;478.8;10.00;107.73;20190726;;GAVETEIRO VOLANTE 3 GAVETAS;1131
0;5615;N;034912;0000;20190726;1;GAVETEIRO VOLANTE 3 GAVETAS;034912;;;;;002190;01;0931;9183;1;0000034912;01;1;0;98;1.65;98;7.60;09;;LDM;;
1;034912;0000;01;Depreciação Fiscal;12301005;32210001;120600103;12302005;20191001;478.8;10.00;107.73;20190726;;GAVETEIRO VOLANTE 3 GAVETAS;1131
1;034912;0000;10;Depreciação Contábil/Gerencial;12301005;32210003;120600103;12303005;20191001;478.8;10.00;107.73;20190726;;GAVETEIRO VOLANTE 3 GAVETAS;1131
0;5615;N;034913;0000;20190726;1;GAVETEIRO VOLANTE 3 GAVETAS;034913;;;;;002190;01;0931;9183;1;0000034913;01;1;0;98;1.65;98;7.60;09;;LDM;;
1;034913;0000;01;Depreciação Fiscal;12301005;32210001;120600103;12302005;20191001;478.8;10.00;107.73;20190726;;GAVETEIRO VOLANTE 3 GAVETAS;1131
1;034913;0000;10;Depreciação Contábil/Gerencial;12301005;32210003;120600103;12303005;20191001;478.8;10.00;107.73;20190726;;GAVETEIRO VOLANTE 3 GAVETAS;1131
0;5615;N;034914;0000;20190726;1;GAVETEIRO VOLANTE 3 GAVETAS;034914;;;;;002190;01;0931;9183;1;0000034914;01;1;0;98;1.65;98;7.60;09;;LDM;;
1;034914;0000;01;Depreciação Fiscal;12301005;32210001;120600103;12302005;20191001;478.8;10.00;107.73;20190726;;GAVETEIRO VOLANTE 3 GAVETAS;1131
1;034914;0000;10;Depreciação Contábil/Gerencial;12301005;32210003;120600103;12303005;20191001;478.8;10.00;107.73;20190726;;GAVETEIRO VOLANTE 3 GAVETAS;1131
0;5615;N;034915;0000;20190726;1;GAVETEIRO VOLANTE 3 GAVETAS;034915;;;;;002190;01;0931;9183;1;0000034915;01;1;0;98;1.65;98;7.60;09;;LDM;;
1;034915;0000;01;Depreciação Fiscal;12301005;32210001;120600103;12302005;20191001;478.8;10.00;107.73;20190726;;GAVETEIRO VOLANTE 3 GAVETAS;1131
1;034915;0000;10;Depreciação Contábil/Gerencial;12301005;32210003;120600103;12303005;20191001;478.8;10.00;107.73;20190726;;GAVETEIRO VOLANTE 3 GAVETAS;1131
0;5615;N;034916;0000;20190726;1;GAVETEIRO VOLANTE 3 GAVETAS;034916;;;;;002190;01;0931;9183;1;0000034916;01;1;0;98;1.65;98;7.60;09;;LDM;;
1;034916;0000;01;Depreciação Fiscal;12301005;32210001;120600103;12302005;20191001;478.8;10.00;107.73;20190726;;GAVETEIRO VOLANTE 3 GAVETAS;1131
1;034916;0000;10;Depreciação Contábil/Gerencial;12301005;32210003;120600103;12303005;20191001;478.8;10.00;107.73;20190726;;GAVETEIRO VOLANTE 3 GAVETAS;1131
0;5615;N;034917;0000;20190726;1;GAVETEIRO VOLANTE 3 GAVETAS;034917;;;;;002190;01;0931;9183;1;0000034917;01;1;0;98;1.65;98;7.60;09;;LDM;;
1;034917;0000;01;Depreciação Fiscal;12301005;32210001;120600103;12302005;20191001;478.8;10.00;107.73;20190726;;GAVETEIRO VOLANTE 3 GAVETAS;1131
1;034917;0000;10;Depreciação Contábil/Gerencial;12301005;32210003;120600103;12303005;20191001;478.8;10.00;107.73;20190726;;GAVETEIRO VOLANTE 3 GAVETAS;1131
0;5615;N;034918;0000;20190726;1;GAVETEIRO VOLANTE 3 GAVETAS;034918;;;;;002190;01;0931;9183;1;0000034918;01;1;0;98;1.65;98;7.60;09;;LDM;;
1;034918;0000;01;Depreciação Fiscal;12301005;32210001;120600103;12302005;20191001;478.8;10.00;107.73;20190726;;GAVETEIRO VOLANTE 3 GAVETAS;1131
1;034918;0000;10;Depreciação Contábil/Gerencial;12301005;32210003;120600103;12303005;20191001;478.8;10.00;107.73;20190726;;GAVETEIRO VOLANTE 3 GAVETAS;1131
0;5615;N;034919;0000;20190726;1;GAVETEIRO VOLANTE 3 GAVETAS;034919;;;;;002190;01;0931;9183;1;0000034919;01;1;0;98;1.65;98;7.60;09;;LDM;;
1;034919;0000;01;Depreciação Fiscal;12301005;32210001;120600103;12302005;20191001;478.8;10.00;107.73;20190726;;GAVETEIRO VOLANTE 3 GAVETAS;1131
1;034919;0000;10;Depreciação Contábil/Gerencial;12301005;32210003;120600103;12303005;20191001;478.8;10.00;107.73;20190726;;GAVETEIRO VOLANTE 3 GAVETAS;1131
0;5615;N;034920;0000;20190726;1;GAVETEIRO VOLANTE 3 GAVETAS;034920;;;;;002190;01;0931;9183;1;0000034920;01;1;0;98;1.65;98;7.60;09;;LDM;;
1;034920;0000;01;Depreciação Fiscal;12301005;32210001;120600103;12302005;20191001;478.8;10.00;107.73;20190726;;GAVETEIRO VOLANTE 3 GAVETAS;1131
1;034920;0000;10;Depreciação Contábil/Gerencial;12301005;32210003;120600103;12303005;20191001;478.8;10.00;107.73;20190726;;GAVETEIRO VOLANTE 3 GAVETAS;1131
0;5615;N;034921;0000;20190726;1;GAVETEIRO VOLANTE 3 GAVETAS;034921;;;;;002190;01;0931;9183;1;0000034921;01;1;0;98;1.65;98;7.60;09;;LDM;;
1;034921;0000;01;Depreciação Fiscal;12301005;32210001;120600103;12302005;20191001;478.8;10.00;107.73;20190726;;GAVETEIRO VOLANTE 3 GAVETAS;1131
1;034921;0000;10;Depreciação Contábil/Gerencial;12301005;32210003;120600103;12303005;20191001;478.8;10.00;107.73;20190726;;GAVETEIRO VOLANTE 3 GAVETAS;1131
0;5615;N;034922;0000;20190726;1;GAVETEIRO VOLANTE 3 GAVETAS;034922;;;;;002190;01;0931;9183;1;0000034922;01;1;0;98;1.65;98;7.60;09;;LDM;;
1;034922;0000;01;Depreciação Fiscal;12301005;32210001;120600103;12302005;20191001;478.8;10.00;107.73;20190726;;GAVETEIRO VOLANTE 3 GAVETAS;1131
1;034922;0000;10;Depreciação Contábil/Gerencial;12301005;32210003;120600103;12303005;20191001;478.8;10.00;107.73;20190726;;GAVETEIRO VOLANTE 3 GAVETAS;1131
0;5615;N;034923;0000;20190726;1;GAVETEIRO VOLANTE 3 GAVETAS;034923;;;;;002190;01;0931;9183;1;0000034923;01;1;0;98;1.65;98;7.60;09;;LDM;;
1;034923;0000;01;Depreciação Fiscal;12301005;32210001;120600103;12302005;20191001;478.8;10.00;107.73;20190726;;GAVETEIRO VOLANTE 3 GAVETAS;1131
1;034923;0000;10;Depreciação Contábil/Gerencial;12301005;32210003;120600103;12303005;20191001;478.8;10.00;107.73;20190726;;GAVETEIRO VOLANTE 3 GAVETAS;1131
0;5615;N;034924;0000;20190726;1;GAVETEIRO VOLANTE 3 GAVETAS;034924;;;;;002190;01;0931;9183;1;0000034924;01;1;0;98;1.65;98;7.60;09;;LDM;;
1;034924;0000;01;Depreciação Fiscal;12301005;32210001;120600103;12302005;20191001;478.8;10.00;107.73;20190726;;GAVETEIRO VOLANTE 3 GAVETAS;1131
1;034924;0000;10;Depreciação Contábil/Gerencial;12301005;32210003;120600103;12303005;20191001;478.8;10.00;107.73;20190726;;GAVETEIRO VOLANTE 3 GAVETAS;1131
0;5615;N;034925;0000;20190726;1;GAVETEIRO VOLANTE 3 GAVETAS;034925;;;;;002190;01;0931;9183;1;0000034925;01;1;0;98;1.65;98;7.60;09;;LDM;;
1;034925;0000;01;Depreciação Fiscal;12301005;32210001;120600103;12302005;20191001;478.8;10.00;107.73;20190726;;GAVETEIRO VOLANTE 3 GAVETAS;1131
1;034925;0000;10;Depreciação Contábil/Gerencial;12301005;32210003;120600103;12303005;20191001;478.8;10.00;107.73;20190726;;GAVETEIRO VOLANTE 3 GAVETAS;1131
0;5615;N;034926;0000;20190726;1;GAVETEIRO VOLANTE 3 GAVETAS;034926;;;;;002190;01;0931;9183;1;0000034926;01;1;0;98;1.65;98;7.60;09;;LDM;;
1;034926;0000;01;Depreciação Fiscal;12301005;32210001;120600103;12302005;20191001;478.8;10.00;107.73;20190726;;GAVETEIRO VOLANTE 3 GAVETAS;1131
1;034926;0000;10;Depreciação Contábil/Gerencial;12301005;32210003;120600103;12303005;20191001;478.8;10.00;107.73;20190726;;GAVETEIRO VOLANTE 3 GAVETAS;1131
0;5615;N;034927;0000;20190726;1;GAVETEIRO VOLANTE 3 GAVETAS;034927;;;;;002190;01;0931;9183;1;0000034927;01;1;0;98;1.65;98;7.60;09;;LDM;;
1;034927;0000;01;Depreciação Fiscal;12301005;32210001;120600103;12302005;20191001;478.8;10.00;107.73;20190726;;GAVETEIRO VOLANTE 3 GAVETAS;1131
1;034927;0000;10;Depreciação Contábil/Gerencial;12301005;32210003;120600103;12303005;20191001;478.8;10.00;107.73;20190726;;GAVETEIRO VOLANTE 3 GAVETAS;1131
0;5615;N;034928;0000;20190726;1;GAVETEIRO VOLANTE 3 GAVETAS;034928;;;;;002190;01;0931;9183;1;0000034928;01;1;0;98;1.65;98;7.60;09;;LDM;;
1;034928;0000;01;Depreciação Fiscal;12301005;32210001;120600103;12302005;20191001;478.8;10.00;107.73;20190726;;GAVETEIRO VOLANTE 3 GAVETAS;1131
1;034928;0000;10;Depreciação Contábil/Gerencial;12301005;32210003;120600103;12303005;20191001;478.8;10.00;107.73;20190726;;GAVETEIRO VOLANTE 3 GAVETAS;1131
0;5615;N;034929;0000;20190726;1;GAVETEIRO VOLANTE 3 GAVETAS;034929;;;;;002190;01;0931;9183;1;0000034929;01;1;0;98;1.65;98;7.60;09;;LDM;;
1;034929;0000;01;Depreciação Fiscal;12301005;32210001;120600103;12302005;20191001;478.8;10.00;107.73;20190726;;GAVETEIRO VOLANTE 3 GAVETAS;1131
1;034929;0000;10;Depreciação Contábil/Gerencial;12301005;32210003;120600103;12303005;20191001;478.8;10.00;107.73;20190726;;GAVETEIRO VOLANTE 3 GAVETAS;1131
0;5615;N;034930;0000;20190726;1;GAVETEIRO VOLANTE 3 GAVETAS;034930;;;;;002190;01;0931;9183;1;0000034930;01;1;0;98;1.65;98;7.60;09;;LDM;;
1;034930;0000;01;Depreciação Fiscal;12301005;32210001;120600103;12302005;20191001;478.8;10.00;107.73;20190726;;GAVETEIRO VOLANTE 3 GAVETAS;1131
1;034930;0000;10;Depreciação Contábil/Gerencial;12301005;32210003;120600103;12303005;20191001;478.8;10.00;107.73;20190726;;GAVETEIRO VOLANTE 3 GAVETAS;1131
0;5615;N;034931;0000;20190726;1;GAVETEIRO VOLANTE 3 GAVETAS;034931;;;;;002190;01;0931;9183;1;0000034931;01;1;0;98;1.65;98;7.60;09;;LDM;;
1;034931;0000;01;Depreciação Fiscal;12301005;32210001;120600103;12302005;20191001;478.8;10.00;107.73;20190726;;GAVETEIRO VOLANTE 3 GAVETAS;1131
1;034931;0000;10;Depreciação Contábil/Gerencial;12301005;32210003;120600103;12303005;20191001;478.8;10.00;107.73;20190726;;GAVETEIRO VOLANTE 3 GAVETAS;1131
0;5615;N;034932;0000;20190726;1;GAVETEIRO VOLANTE 3 GAVETAS;034932;;;;;002190;01;0931;9183;1;0000034932;01;1;0;98;1.65;98;7.60;09;;LDM;;
1;034932;0000;01;Depreciação Fiscal;12301005;32210001;120600103;12302005;20191001;478.8;10.00;107.73;20190726;;GAVETEIRO VOLANTE 3 GAVETAS;1131
1;034932;0000;10;Depreciação Contábil/Gerencial;12301005;32210003;120600103;12303005;20191001;478.8;10.00;107.73;20190726;;GAVETEIRO VOLANTE 3 GAVETAS;1131
0;5615;N;034933;0000;20190726;1;GAVETEIRO VOLANTE 3 GAVETAS;034933;;;;;002190;01;0931;9183;1;0000034933;01;1;0;98;1.65;98;7.60;09;;LDM;;
1;034933;0000;01;Depreciação Fiscal;12301005;32210001;120600103;12302005;20191001;478.8;10.00;107.73;20190726;;GAVETEIRO VOLANTE 3 GAVETAS;1131
1;034933;0000;10;Depreciação Contábil/Gerencial;12301005;32210003;120600103;12303005;20191001;478.8;10.00;107.73;20190726;;GAVETEIRO VOLANTE 3 GAVETAS;1131
0;5615;N;034934;0000;20190726;1;GAVETEIRO VOLANTE 3 GAVETAS;034934;;;;;002190;01;0931;9183;1;0000034934;01;1;0;98;1.65;98;7.60;09;;LDM;;
1;034934;0000;01;Depreciação Fiscal;12301005;32210001;120600103;12302005;20191001;478.8;10.00;107.73;20190726;;GAVETEIRO VOLANTE 3 GAVETAS;1131
1;034934;0000;10;Depreciação Contábil/Gerencial;12301005;32210003;120600103;12303005;20191001;478.8;10.00;107.73;20190726;;GAVETEIRO VOLANTE 3 GAVETAS;1131
0;5615;N;034935;0000;20190726;1;GAVETEIRO VOLANTE 3 GAVETAS;034935;;;;;002190;01;0931;9183;1;0000034935;01;1;0;98;1.65;98;7.60;09;;LDM;;
1;034935;0000;01;Depreciação Fiscal;12301005;32210001;120600103;12302005;20191001;478.8;10.00;107.73;20190726;;GAVETEIRO VOLANTE 3 GAVETAS;1131
1;034935;0000;10;Depreciação Contábil/Gerencial;12301005;32210003;120600103;12303005;20191001;478.8;10.00;107.73;20190726;;GAVETEIRO VOLANTE 3 GAVETAS;1131
0;5615;N;034936;0000;20190726;1;GAVETEIRO VOLANTE 3 GAVETAS;034936;;;;;002190;01;0931;9183;1;0000034936;01;1;0;98;1.65;98;7.60;09;;LDM;;
1;034936;0000;01;Depreciação Fiscal;12301005;32210001;120600103;12302005;20191001;478.8;10.00;107.73;20190726;;GAVETEIRO VOLANTE 3 GAVETAS;1131
1;034936;0000;10;Depreciação Contábil/Gerencial;12301005;32210003;120600103;12303005;20191001;478.8;10.00;107.73;20190726;;GAVETEIRO VOLANTE 3 GAVETAS;1131
0;5615;N;034937;0000;20190726;1;GAVETEIRO VOLANTE 3 GAVETAS;034937;;;;;002190;01;0931;9183;1;0000034937;01;1;0;98;1.65;98;7.60;09;;LDM;;
1;034937;0000;01;Depreciação Fiscal;12301005;32210001;120600103;12302005;20191001;478.8;10.00;107.73;20190726;;GAVETEIRO VOLANTE 3 GAVETAS;1131
1;034937;0000;10;Depreciação Contábil/Gerencial;12301005;32210003;120600103;12303005;20191001;478.8;10.00;107.73;20190726;;GAVETEIRO VOLANTE 3 GAVETAS;1131
0;5615;N;034938;0000;20190726;1;GAVETEIRO VOLANTE 3 GAVETAS;034938;;;;;002190;01;0931;9183;1;0000034938;01;1;0;98;1.65;98;7.60;09;;LDM;;
1;034938;0000;01;Depreciação Fiscal;12301005;32210001;120600103;12302005;20191001;478.8;10.00;107.73;20190726;;GAVETEIRO VOLANTE 3 GAVETAS;1131
1;034938;0000;10;Depreciação Contábil/Gerencial;12301005;32210003;120600103;12303005;20191001;478.8;10.00;107.73;20190726;;GAVETEIRO VOLANTE 3 GAVETAS;1131
0;5615;N;034939;0000;20190726;1;GAVETEIRO VOLANTE 3 GAVETAS;034939;;;;;002190;01;0931;9183;1;0000034939;01;1;0;98;1.65;98;7.60;09;;LDM;;
1;034939;0000;01;Depreciação Fiscal;12301005;32210001;120600103;12302005;20191001;478.8;10.00;107.73;20190726;;GAVETEIRO VOLANTE 3 GAVETAS;1131
1;034939;0000;10;Depreciação Contábil/Gerencial;12301005;32210003;120600103;12303005;20191001;478.8;10.00;107.73;20190726;;GAVETEIRO VOLANTE 3 GAVETAS;1131
0;5615;N;034940;0000;20190726;1;GAVETEIRO VOLANTE 3 GAVETAS;034940;;;;;002190;01;0931;9183;1;0000034940;01;1;0;98;1.65;98;7.60;09;;LDM;;
1;034940;0000;01;Depreciação Fiscal;12301005;32210001;120600103;12302005;20191001;478.8;10.00;107.73;20190726;;GAVETEIRO VOLANTE 3 GAVETAS;1131
1;034940;0000;10;Depreciação Contábil/Gerencial;12301005;32210003;120600103;12303005;20191001;478.8;10.00;107.73;20190726;;GAVETEIRO VOLANTE 3 GAVETAS;1131
0;5615;N;034941;0000;20190726;1;GAVETEIRO VOLANTE 3 GAVETAS;034941;;;;;002190;01;0931;9183;1;0000034941;01;1;0;98;1.65;98;7.60;09;;LDM;;
1;034941;0000;01;Depreciação Fiscal;12301005;32210001;120600103;12302005;20191001;478.8;10.00;107.73;20190726;;GAVETEIRO VOLANTE 3 GAVETAS;1131
1;034941;0000;10;Depreciação Contábil/Gerencial;12301005;32210003;120600103;12303005;20191001;478.8;10.00;107.73;20190726;;GAVETEIRO VOLANTE 3 GAVETAS;1131
0;5615;N;034942;0000;20190726;1;GAVETEIRO VOLANTE 3 GAVETAS;034942;;;;;002190;01;0931;9183;1;0000034942;01;1;0;98;1.65;98;7.60;09;;LDM;;
1;034942;0000;01;Depreciação Fiscal;12301005;32210001;120600103;12302005;20191001;478.8;10.00;107.73;20190726;;GAVETEIRO VOLANTE 3 GAVETAS;1131
1;034942;0000;10;Depreciação Contábil/Gerencial;12301005;32210003;120600103;12303005;20191001;478.8;10.00;107.73;20190726;;GAVETEIRO VOLANTE 3 GAVETAS;1131
0;5615;N;034943;0000;20190726;1;GAVETEIRO VOLANTE 3 GAVETAS;034943;;;;;002190;01;0931;9183;1;0000034943;01;1;0;98;1.65;98;7.60;09;;LDM;;
1;034943;0000;01;Depreciação Fiscal;12301005;32210001;120600103;12302005;20191001;478.8;10.00;107.73;20190726;;GAVETEIRO VOLANTE 3 GAVETAS;1131
1;034943;0000;10;Depreciação Contábil/Gerencial;12301005;32210003;120600103;12303005;20191001;478.8;10.00;107.73;20190726;;GAVETEIRO VOLANTE 3 GAVETAS;1131
0;5615;N;034944;0000;20190726;1;GAVETEIRO VOLANTE 3 GAVETAS;034944;;;;;002190;01;0931;9183;1;0000034944;01;1;0;98;1.65;98;7.60;09;;LDM;;
1;034944;0000;01;Depreciação Fiscal;12301005;32210001;120600103;12302005;20191001;478.8;10.00;107.73;20190726;;GAVETEIRO VOLANTE 3 GAVETAS;1131
1;034944;0000;10;Depreciação Contábil/Gerencial;12301005;32210003;120600103;12303005;20191001;478.8;10.00;107.73;20190726;;GAVETEIRO VOLANTE 3 GAVETAS;1131
0;5615;N;034945;0000;20190726;1;GAVETEIRO VOLANTE 3 GAVETAS;034945;;;;;002190;01;0931;9183;1;0000034945;01;1;0;98;1.65;98;7.60;09;;LDM;;
1;034945;0000;01;Depreciação Fiscal;12301005;32210001;120600103;12302005;20191001;478.8;10.00;107.73;20190726;;GAVETEIRO VOLANTE 3 GAVETAS;1131
1;034945;0000;10;Depreciação Contábil/Gerencial;12301005;32210003;120600103;12303005;20191001;478.8;10.00;107.73;20190726;;GAVETEIRO VOLANTE 3 GAVETAS;1131
0;5615;N;034946;0000;20190726;1;GAVETEIRO VOLANTE 3 GAVETAS;034946;;;;;002190;01;0931;9183;1;0000034946;01;1;0;98;1.65;98;7.60;09;;LDM;;
1;034946;0000;01;Depreciação Fiscal;12301005;32210001;120600103;12302005;20191001;478.8;10.00;107.73;20190726;;GAVETEIRO VOLANTE 3 GAVETAS;1131
1;034946;0000;10;Depreciação Contábil/Gerencial;12301005;32210003;120600103;12303005;20191001;478.8;10.00;107.73;20190726;;GAVETEIRO VOLANTE 3 GAVETAS;1131
0;5615;N;034947;0000;20190726;1;GAVETEIRO VOLANTE 3 GAVETAS;034947;;;;;002190;01;0931;9183;1;0000034947;01;1;0;98;1.65;98;7.60;09;;LDM;;
1;034947;0000;01;Depreciação Fiscal;12301005;32210001;120600103;12302005;20191001;478.8;10.00;107.73;20190726;;GAVETEIRO VOLANTE 3 GAVETAS;1131
1;034947;0000;10;Depreciação Contábil/Gerencial;12301005;32210003;120600103;12303005;20191001;478.8;10.00;107.73;20190726;;GAVETEIRO VOLANTE 3 GAVETAS;1131
0;5615;N;034948;0000;20190726;1;GAVETEIRO VOLANTE 3 GAVETAS;034948;;;;;002190;01;0931;9183;1;0000034948;01;1;0;98;1.65;98;7.60;09;;LDM;;
1;034948;0000;01;Depreciação Fiscal;12301005;32210001;120600103;12302005;20191001;478.8;10.00;107.73;20190726;;GAVETEIRO VOLANTE 3 GAVETAS;1131
1;034948;0000;10;Depreciação Contábil/Gerencial;12301005;32210003;120600103;12303005;20191001;478.8;10.00;107.73;20190726;;GAVETEIRO VOLANTE 3 GAVETAS;1131
0;5615;N;034949;0000;20190726;1;GAVETEIRO VOLANTE 3 GAVETAS;034949;;;;;002190;01;0931;9183;1;0000034949;01;1;0;98;1.65;98;7.60;09;;LDM;;
1;034949;0000;01;Depreciação Fiscal;12301005;32210001;120600103;12302005;20191001;478.8;10.00;107.73;20190726;;GAVETEIRO VOLANTE 3 GAVETAS;1131
1;034949;0000;10;Depreciação Contábil/Gerencial;12301005;32210003;120600103;12303005;20191001;478.8;10.00;107.73;20190726;;GAVETEIRO VOLANTE 3 GAVETAS;1131
0;5615;N;034950;0000;20190726;1;GAVETEIRO VOLANTE 3 GAVETAS;034950;;;;;002190;01;0931;9183;1;0000034950;01;1;0;98;1.65;98;7.60;09;;LDM;;
1;034950;0000;01;Depreciação Fiscal;12301005;32210001;120600103;12302005;20191001;478.8;10.00;107.73;20190726;;GAVETEIRO VOLANTE 3 GAVETAS;1131
1;034950;0000;10;Depreciação Contábil/Gerencial;12301005;32210003;120600103;12303005;20191001;478.8;10.00;107.73;20190726;;GAVETEIRO VOLANTE 3 GAVETAS;1131
0;5615;N;034951;0000;20190726;1;GAVETEIRO VOLANTE 3 GAVETAS;034951;;;;;002190;01;0931;9183;1;0000034951;01;1;0;98;1.65;98;7.60;09;;LDM;;
1;034951;0000;01;Depreciação Fiscal;12301005;32210001;120600103;12302005;20191001;478.8;10.00;107.73;20190726;;GAVETEIRO VOLANTE 3 GAVETAS;1131
1;034951;0000;10;Depreciação Contábil/Gerencial;12301005;32210003;120600103;12303005;20191001;478.8;10.00;107.73;20190726;;GAVETEIRO VOLANTE 3 GAVETAS;1131
0;5615;N;034952;0000;20190726;1;GAVETEIRO VOLANTE 3 GAVETAS;034952;;;;;002190;01;0931;9183;1;0000034952;01;1;0;98;1.65;98;7.60;09;;LDM;;
1;034952;0000;01;Depreciação Fiscal;12301005;32210001;120600103;12302005;20191001;478.8;10.00;107.73;20190726;;GAVETEIRO VOLANTE 3 GAVETAS;1131
1;034952;0000;10;Depreciação Contábil/Gerencial;12301005;32210003;120600103;12303005;20191001;478.8;10.00;107.73;20190726;;GAVETEIRO VOLANTE 3 GAVETAS;1131
0;5615;N;034953;0000;20190726;1;GAVETEIRO VOLANTE 3 GAVETAS;034953;;;;;002190;01;0931;9183;1;0000034953;01;1;0;98;1.65;98;7.60;09;;LDM;;
1;034953;0000;01;Depreciação Fiscal;12301005;32210001;120600103;12302005;20191001;478.8;10.00;107.73;20190726;;GAVETEIRO VOLANTE 3 GAVETAS;1131
1;034953;0000;10;Depreciação Contábil/Gerencial;12301005;32210003;120600103;12303005;20191001;478.8;10.00;107.73;20190726;;GAVETEIRO VOLANTE 3 GAVETAS;1131
0;5320;N;035632;0000;20200108;1;APARELHO TELEFONICO;035632;;;;;001597;01;0742;897615;1;0000035632;01;1;0;98;1.65;98;7.60;09;;INTELBRAS;PLENO;34YH0703979X4
1;035632;0000;01;Depreciação Fiscal;12301005;32110001;110100102;12302005;20200108;38.05;10.00;7.53;20200108;;APARELHO TELEFONICO INTELBRAS PLENO ARTICO; 
1;035632;0000;10;Depreciação Contábil/Gerencial;12301005;32110003;110100102;12303005;20200108;38.05;10.00;7.53;20200108;;APARELHO TELEFONICO INTELBRAS PLENO ARTICO; 
